0.12482166290283203 0.8016
0.1233060359954834 0.10599422454833984
0.11697793006896973 0.6031525135040283
0.14214515686035156 0.829470157623291
0.15522050857543945 0.13303852081298828
0.1003718376159668 0.5859191417694092
0.0632927417755127 0.5185580253601074
0.0936882495880127 0.08987998962402344
0.12667036056518555 0.22536540031433105
0.10941267013549805 0.3075120449066162
0.07744503021240234 0.11403727531433105
0.11719775199890137 0.35727548599243164
0.10311460494995117 0.12346911430358887
0.10668373107910156 0.0525362491607666
0.1716454029083252 0.51190185546875
0.266063928604126 0.9453830718994141
0.1314237117767334 0.14720559120178223
0.30611491203308105 1.368241786956787
0.17925429344177246 0.423980712890625
0.4857749938964844 0.35840678215026855
0.18331551551818848 1.168886423110962
0.1593315601348877 1.1827561855316162
0.17143964767456055 0.6865534782409668
0.09247374534606934 0.5521819591522217
0.17613482475280762 0.6337296962738037
0.10746335983276367 0.24663901329040527
0.11214971542358398 0.3442103862762451
0.0910642147064209 0.10682106018066406
0.10760354995727539 0.3324928283691406
0.1369168758392334 0.5549154281616211
0.11970210075378418 0.18385648727416992
0.12984657287597656 0.43832921981811523
0.10991573333740234 0.08438100814819336
0.11374235153198242 0.3065788745880127
0.14100003242492676 2.0290441513061523
0.15399432182312012 0.4066135883331299
0.14034152030944824 0.34563469886779785
0.1515979766845703 0.6344165802001953
0.13587713241577148 0.2372148036956787
0.11505413055419922 0.049788475036621094
0.11349964141845703 0.07718873023986816
0.11287832260131836 0.7737170219421387
0.1215064525604248 1.8006727695465088
0.12513160705566406 0.04559445381164551
0.1196143627166748 0.033298492431640625
0.15339064598083496 0.6704006195068359
0.15410280227661133 0.3566923141479492
0.14260458946228027 0.515338659286499
0.14999771118164062 0.38600220680236816
0.1462404727935791 0.4193441867828369
0.12470197677612305 0.21219372749328613
0.15360665321350098 0.5573544502258301
0.14291095733642578 0.1226816177368164
0.137648344039917 0.32082080841064453
0.15030980110168457 0.15104389190673828
0.23771071434020996 0.3890097141265869
0.11803269386291504 0.3155217170715332
0.132127046585083 0.4543015956878662
0.1765730381011963 2.0065817832946777
0.11894989013671875 0.27080798149108887
0.13261842727661133 0.23688673973083496
0.1305711269378662 0.1135396957397461
0.12421131134033203 0.04207611083984375
0.10440182685852051 0.0451507568359375
0.09778976440429688 0.296766996383667
0.13792991638183594 0.4196469783782959
0.11591172218322754 0.15787839889526367
0.11130237579345703 0.07610177993774414
0.09930300712585449 0.06683039665222168
;
0.10767459869384766 0.107818603515625
0.11962890625 0.8200266361236572
0.10279560089111328 0.06335830688476562
0.11999297142028809 0.054644107818603516
0.11207985877990723 0.04571819305419922
0.12060832977294922 0.0714273452758789
0.11158394813537598 0.0381467342376709
0.11758685111999512 0.04487800598144531
