var lvs={
    1:new game(2,9000,3000,100,500,0,200,[
[[54,218],[72,44],[380,218]],
[[264,576],[338,212],[508,218]],
[[732,570],[520,188],[1058,152],[1050,474]],
[[762,952],[320,760],[1026,656],[910,900]],
[[1139,1273],[1673,1406],[1353,1019]],
[[1753,1660],[2499,1873],[2326,1366]],
[[2646,1153],[2513,793],[3246,886]],
[[3326,1353],[3966,1379],[3766,1059]],
[[4833,2033],[4046,1980],[4740,1673]],
[[5393,2086],[5206,1393],[6740,1753]],
[[4500,699],[5113,1046],[5806,793]],
[[6100,1019],[7033,1566],[7406,1113]],
[[7233,2246],[8340,2286],[7460,1793]]
]),
    2:new game(2,2000,3000,100,500,0,0,[
[[254,218],[72,44],[380,62]],
[[264,576],[738,212],[508,218]],
[[732,570],[220,188],[1558,152],[1050,474]],
[[762,952],[50,760],[1026,656],[910,900]]
])
}